3.433333e-03 2.400000e-03 2.083333e-03 1.416667e-03 1.300000e-03 8.166667e-04 8.333333e-04 5.166667e-04 3.666667e-04 2.500000e-04 
3.300000e-03 2.433333e-03 1.866667e-03 1.400000e-03 1.000000e-03 8.666667e-04 6.000000e-04 5.000000e-04 4.500000e-04 3.000000e-04 
3.366667e-03 2.500000e-03 1.933333e-03 1.583333e-03 1.266667e-03 9.833333e-04 7.500000e-04 4.333333e-04 4.000000e-04 2.500000e-04 
3.283333e-03 2.133333e-03 2.133333e-03 1.366667e-03 1.100000e-03 9.666667e-04 5.833333e-04 5.666667e-04 4.166667e-04 3.166667e-04 
3.316667e-03 2.583333e-03 2.033333e-03 1.316667e-03 1.266667e-03 8.000000e-04 8.833333e-04 5.666667e-04 3.833333e-04 3.666667e-04 
3.166667e-03 2.400000e-03 1.450000e-03 1.533333e-03 1.200000e-03 9.166667e-04 7.333333e-04 6.333333e-04 3.166667e-04 2.833333e-04 
3.250000e-03 2.766667e-03 2.200000e-03 1.516667e-03 1.100000e-03 7.333333e-04 6.500000e-04 6.166667e-04 3.833333e-04 2.166667e-04 
2.966667e-03 2.300000e-03 1.733333e-03 1.466667e-03 1.000000e-03 1.033333e-03 5.833333e-04 4.500000e-04 4.500000e-04 2.833333e-04 
3.216667e-03 2.600000e-03 2.150000e-03 1.500000e-03 1.133333e-03 1.050000e-03 8.333333e-04 4.666667e-04 4.666667e-04 2.166667e-04 
3.316667e-03 2.533333e-03 2.150000e-03 1.783333e-03 9.333333e-04 9.500000e-04 7.333333e-04 5.833333e-04 4.666667e-04 3.166667e-04 
3.416667e-03 2.833333e-03 2.200000e-03 1.666667e-03 1.066667e-03 9.833333e-04 7.333333e-04 5.500000e-04 4.833333e-04 3.833333e-04 
3.316667e-03 2.750000e-03 1.916667e-03 1.883333e-03 1.416667e-03 9.833333e-04 9.666667e-04 5.166667e-04 4.333333e-04 3.000000e-04 
3.450000e-03 2.566667e-03 2.033333e-03 1.700000e-03 1.083333e-03 8.333333e-04 6.833333e-04 5.500000e-04 4.833333e-04 2.666667e-04 
3.183333e-03 2.883333e-03 2.183333e-03 1.383333e-03 1.233333e-03 8.166667e-04 7.166667e-04 5.500000e-04 4.666667e-04 2.833333e-04 
3.033333e-03 2.616667e-03 2.033333e-03 1.383333e-03 1.216667e-03 1.000000e-03 7.333333e-04 5.666667e-04 5.000000e-04 2.500000e-04 
3.683333e-03 2.633333e-03 2.266667e-03 1.583333e-03 1.116667e-03 8.333333e-04 7.666667e-04 4.166667e-04 3.166667e-04 2.666667e-04 
3.116667e-03 2.716667e-03 2.000000e-03 1.566667e-03 1.133333e-03 1.000000e-03 6.666667e-04 4.666667e-04 3.333333e-04 3.500000e-04 
3.416667e-03 2.650000e-03 2.083333e-03 1.650000e-03 1.133333e-03 8.500000e-04 4.666667e-04 6.666667e-04 4.000000e-04 3.000000e-04 
3.466667e-03 2.616667e-03 2.033333e-03 1.533333e-03 1.566667e-03 9.500000e-04 5.666667e-04 7.000000e-04 3.666667e-04 3.500000e-04 
3.383333e-03 2.450000e-03 1.900000e-03 1.733333e-03 1.200000e-03 1.066667e-03 7.333333e-04 5.166667e-04 3.666667e-04 3.833333e-04 
3.000000e-03 2.450000e-03 1.833333e-03 1.416667e-03 1.283333e-03 8.833333e-04 6.000000e-04 4.000000e-04 4.166667e-04 3.166667e-04 
3.100000e-03 2.600000e-03 1.783333e-03 1.500000e-03 1.100000e-03 8.666667e-04 6.500000e-04 4.333333e-04 4.000000e-04 3.166667e-04 
3.333333e-03 2.666667e-03 1.833333e-03 1.433333e-03 1.200000e-03 1.016667e-03 7.666667e-04 5.000000e-04 3.166667e-04 3.333333e-04 
3.600000e-03 2.466667e-03 2.100000e-03 1.333333e-03 1.466667e-03 9.000000e-04 7.166667e-04 4.166667e-04 3.833333e-04 3.500000e-04 
3.300000e-03 2.533333e-03 2.200000e-03 1.633333e-03 1.200000e-03 1.016667e-03 6.166667e-04 5.333333e-04 3.833333e-04 2.000000e-04 
3.633333e-03 2.583333e-03 1.866667e-03 1.483333e-03 1.100000e-03 8.500000e-04 6.333333e-04 7.333333e-04 4.000000e-04 2.000000e-04 
3.066667e-03 2.783333e-03 2.266667e-03 1.483333e-03 1.233333e-03 9.000000e-04 6.000000e-04 4.000000e-04 3.833333e-04 2.333333e-04 
3.083333e-03 2.600000e-03 2.166667e-03 1.550000e-03 1.183333e-03 9.500000e-04 7.166667e-04 6.166667e-04 4.666667e-04 2.000000e-04 
3.166667e-03 2.483333e-03 2.316667e-03 1.816667e-03 1.250000e-03 1.100000e-03 7.333333e-04 4.666667e-04 3.666667e-04 3.500000e-04 
3.433333e-03 2.600000e-03 2.083333e-03 1.800000e-03 1.450000e-03 8.000000e-04 6.500000e-04 5.833333e-04 4.166667e-04 3.333333e-04 
3.000000e-03 2.450000e-03 1.833333e-03 1.416667e-03 1.283333e-03 8.833333e-04 6.000000e-04 4.000000e-04 4.166667e-04 3.166667e-04 
3.100000e-03 2.600000e-03 1.783333e-03 1.500000e-03 1.100000e-03 8.666667e-04 6.500000e-04 4.333333e-04 4.000000e-04 3.166667e-04 
3.333333e-03 2.666667e-03 1.833333e-03 1.433333e-03 1.200000e-03 1.016667e-03 7.666667e-04 5.000000e-04 3.166667e-04 3.333333e-04 
3.600000e-03 2.466667e-03 2.100000e-03 1.333333e-03 1.466667e-03 9.000000e-04 7.166667e-04 4.166667e-04 3.833333e-04 3.500000e-04 
3.300000e-03 2.533333e-03 2.200000e-03 1.633333e-03 1.200000e-03 1.016667e-03 6.166667e-04 5.333333e-04 3.833333e-04 2.000000e-04 
3.633333e-03 2.583333e-03 1.866667e-03 1.483333e-03 1.100000e-03 8.500000e-04 6.333333e-04 7.333333e-04 4.000000e-04 2.000000e-04 
3.066667e-03 2.783333e-03 2.266667e-03 1.483333e-03 1.233333e-03 9.000000e-04 6.000000e-04 4.000000e-04 3.833333e-04 2.333333e-04 
3.083333e-03 2.600000e-03 2.166667e-03 1.550000e-03 1.183333e-03 9.500000e-04 7.166667e-04 6.166667e-04 4.666667e-04 2.000000e-04 
3.166667e-03 2.483333e-03 2.316667e-03 1.816667e-03 1.250000e-03 1.100000e-03 7.333333e-04 4.666667e-04 3.666667e-04 3.500000e-04 
3.433333e-03 2.600000e-03 2.083333e-03 1.800000e-03 1.450000e-03 8.000000e-04 6.500000e-04 5.833333e-04 4.166667e-04 3.333333e-04 
2.933333e-03 2.050000e-03 1.716667e-03 1.350000e-03 9.666667e-04 7.333333e-04 5.666667e-04 3.666667e-04 2.000000e-04 3.000000e-04 
2.650000e-03 2.133333e-03 1.816667e-03 1.200000e-03 8.500000e-04 8.833333e-04 5.666667e-04 5.166667e-04 3.000000e-04 2.333333e-04 
2.650000e-03 1.966667e-03 1.800000e-03 1.266667e-03 1.083333e-03 8.000000e-04 6.166667e-04 2.833333e-04 2.000000e-04 2.000000e-04 
2.533333e-03 2.500000e-03 1.750000e-03 1.400000e-03 7.666667e-04 6.333333e-04 5.833333e-04 3.666667e-04 2.833333e-04 3.333333e-04 
2.750000e-03 2.366667e-03 1.700000e-03 1.266667e-03 1.000000e-03 6.166667e-04 5.500000e-04 4.333333e-04 3.833333e-04 2.000000e-04 
2.583333e-03 2.350000e-03 1.666667e-03 1.350000e-03 9.833333e-04 6.333333e-04 6.333333e-04 4.333333e-04 2.833333e-04 4.166667e-04 
2.966667e-03 2.466667e-03 1.750000e-03 1.366667e-03 9.833333e-04 7.666667e-04 4.500000e-04 4.166667e-04 2.666667e-04 2.166667e-04 
2.583333e-03 1.933333e-03 1.533333e-03 1.333333e-03 9.500000e-04 6.833333e-04 4.500000e-04 4.500000e-04 3.333333e-04 2.833333e-04 
2.850000e-03 1.900000e-03 1.516667e-03 1.433333e-03 9.166667e-04 7.500000e-04 5.666667e-04 4.833333e-04 3.000000e-04 2.666667e-04 
2.983333e-03 2.233333e-03 1.833333e-03 1.116667e-03 9.000000e-04 8.000000e-04 5.833333e-04 4.166667e-04 3.333333e-04 3.166667e-04 
