8.333333e-04 6.666667e-04 5.222222e-04 3.666667e-04 3.000000e-04 1.555556e-04 1.777778e-04 1.222222e-04 1.333333e-04 8.888889e-05 
9.555556e-04 6.777778e-04 6.555556e-04 3.444444e-04 3.111111e-04 2.000000e-04 1.555556e-04 1.333333e-04 8.888889e-05 6.666667e-05 
7.555556e-04 6.666667e-04 5.111111e-04 3.111111e-04 3.222222e-04 2.000000e-04 1.000000e-04 6.666667e-05 1.111111e-04 6.666667e-05 
9.000000e-04 5.555556e-04 5.666667e-04 3.111111e-04 2.888889e-04 2.000000e-04 8.888889e-05 1.444444e-04 8.888889e-05 7.777778e-05 
9.444444e-04 5.666667e-04 5.000000e-04 3.777778e-04 2.666667e-04 1.222222e-04 1.777778e-04 8.888889e-05 6.666667e-05 6.666667e-05 
8.000000e-04 5.333333e-04 3.111111e-04 3.444444e-04 2.111111e-04 1.555556e-04 2.444444e-04 2.444444e-04 1.111111e-04 4.444444e-05 
7.333333e-04 7.222222e-04 5.444444e-04 4.777778e-04 2.222222e-04 2.000000e-04 1.333333e-04 1.333333e-04 1.333333e-04 4.444444e-05 
9.111111e-04 6.333333e-04 3.777778e-04 2.888889e-04 1.777778e-04 3.444444e-04 1.555556e-04 8.888889e-05 8.888889e-05 8.888889e-05 
8.666667e-04 8.333333e-04 3.444444e-04 3.555556e-04 2.888889e-04 2.888889e-04 2.222222e-04 1.333333e-04 1.555556e-04 4.444444e-05 
7.666667e-04 6.555556e-04 5.111111e-04 3.000000e-04 2.000000e-04 1.888889e-04 1.777778e-04 1.333333e-04 5.555556e-05 8.888889e-05 
8.222222e-04 4.111111e-04 4.777778e-04 3.555556e-04 1.777778e-04 1.888889e-04 1.000000e-04 6.666667e-05 7.777778e-05 1.111111e-04 
7.111111e-04 6.555556e-04 5.222222e-04 3.222222e-04 2.777778e-04 1.777778e-04 1.555556e-04 1.111111e-04 6.666667e-05 6.666667e-05 
9.888889e-04 6.000000e-04 4.333333e-04 2.555556e-04 3.444444e-04 1.333333e-04 1.888889e-04 1.333333e-04 2.222222e-05 6.666667e-05 
9.111111e-04 8.333333e-04 5.333333e-04 3.333333e-04 2.888889e-04 1.111111e-04 1.333333e-04 7.777778e-05 6.666667e-05 8.888889e-05 
7.111111e-04 5.555556e-04 4.111111e-04 4.111111e-04 2.666667e-04 2.555556e-04 1.777778e-04 2.222222e-05 8.888889e-05 4.444444e-05 
9.333333e-04 6.444444e-04 3.777778e-04 3.777778e-04 1.444444e-04 1.888889e-04 2.000000e-04 1.555556e-04 6.666667e-05 6.666667e-05 
7.666667e-04 6.777778e-04 5.444444e-04 3.000000e-04 2.333333e-04 1.555556e-04 1.222222e-04 6.666667e-05 1.000000e-04 6.666667e-05 
7.666667e-04 6.222222e-04 4.555556e-04 2.888889e-04 2.777778e-04 2.000000e-04 1.777778e-04 1.333333e-04 6.666667e-05 7.777778e-05 
7.222222e-04 7.111111e-04 5.555556e-04 3.888889e-04 2.888889e-04 2.222222e-04 1.777778e-04 1.333333e-04 6.666667e-05 4.444444e-05 
8.888889e-04 6.888889e-04 6.555556e-04 6.000000e-04 3.000000e-04 1.888889e-04 1.777778e-04 1.444444e-04 4.444444e-05 6.666667e-05 
