1.377778e-03 1.077778e-03 7.555556e-04 6.222222e-04 4.444444e-04 3.111111e-04 2.555556e-04 2.555556e-04 2.777778e-04 1.222222e-04 
1.211111e-03 9.666667e-04 8.222222e-04 5.333333e-04 3.333333e-04 4.888889e-04 2.555556e-04 1.888889e-04 1.777778e-04 1.555556e-04 
1.255556e-03 9.222222e-04 6.666667e-04 6.111111e-04 4.666667e-04 3.444444e-04 3.222222e-04 2.111111e-04 2.333333e-04 1.777778e-04 
1.255556e-03 9.222222e-04 7.888889e-04 5.777778e-04 3.555556e-04 3.666667e-04 2.666667e-04 1.888889e-04 2.000000e-04 1.777778e-04 
1.344444e-03 8.444444e-04 7.555556e-04 5.111111e-04 4.444444e-04 3.333333e-04 2.777778e-04 2.888889e-04 2.000000e-04 1.333333e-04 
1.422222e-03 1.055556e-03 6.555556e-04 5.888889e-04 4.666667e-04 2.555556e-04 3.222222e-04 2.333333e-04 2.222222e-04 1.777778e-04 
1.266667e-03 9.333333e-04 7.888889e-04 6.666667e-04 5.222222e-04 3.555556e-04 2.111111e-04 1.555556e-04 2.000000e-04 2.000000e-04 
1.144444e-03 1.111111e-03 8.222222e-04 5.000000e-04 5.222222e-04 2.555556e-04 3.777778e-04 2.777778e-04 1.888889e-04 8.888889e-05 
1.355556e-03 8.333333e-04 7.222222e-04 5.777778e-04 5.111111e-04 3.555556e-04 2.888889e-04 2.111111e-04 1.888889e-04 1.333333e-04 
1.344444e-03 1.011111e-03 7.222222e-04 6.222222e-04 3.888889e-04 3.111111e-04 3.000000e-04 2.444444e-04 2.000000e-04 1.888889e-04 
1.377778e-03 1.077778e-03 7.555556e-04 6.222222e-04 4.444444e-04 3.111111e-04 2.555556e-04 2.555556e-04 2.777778e-04 1.222222e-04 
1.211111e-03 9.666667e-04 8.222222e-04 5.333333e-04 3.333333e-04 4.888889e-04 2.555556e-04 1.888889e-04 1.777778e-04 1.555556e-04 
1.255556e-03 9.222222e-04 6.666667e-04 6.111111e-04 4.666667e-04 3.444444e-04 3.222222e-04 2.111111e-04 2.333333e-04 1.777778e-04 
1.255556e-03 9.222222e-04 7.888889e-04 5.777778e-04 3.555556e-04 3.666667e-04 2.666667e-04 1.888889e-04 2.000000e-04 1.777778e-04 
1.344444e-03 8.444444e-04 7.555556e-04 5.111111e-04 4.444444e-04 3.333333e-04 2.777778e-04 2.888889e-04 2.000000e-04 1.333333e-04 
1.422222e-03 1.055556e-03 6.555556e-04 5.888889e-04 4.666667e-04 2.555556e-04 3.222222e-04 2.333333e-04 2.222222e-04 1.777778e-04 
1.266667e-03 9.333333e-04 7.888889e-04 6.666667e-04 5.222222e-04 3.555556e-04 2.111111e-04 1.555556e-04 2.000000e-04 2.000000e-04 
1.144444e-03 1.111111e-03 8.222222e-04 5.000000e-04 5.222222e-04 2.555556e-04 3.777778e-04 2.777778e-04 1.888889e-04 8.888889e-05 
1.355556e-03 8.333333e-04 7.222222e-04 5.777778e-04 5.111111e-04 3.555556e-04 2.888889e-04 2.111111e-04 1.888889e-04 1.333333e-04 
1.344444e-03 1.011111e-03 7.222222e-04 6.222222e-04 3.888889e-04 3.111111e-04 3.000000e-04 2.444444e-04 2.000000e-04 1.888889e-04 
1.622222e-03 1.111111e-03 9.888889e-04 6.888889e-04 5.111111e-04 4.222222e-04 2.888889e-04 1.777778e-04 1.888889e-04 1.111111e-04 
1.600000e-03 1.366667e-03 9.777778e-04 6.666667e-04 5.333333e-04 4.000000e-04 3.000000e-04 1.888889e-04 2.000000e-04 1.444444e-04 
1.855556e-03 1.266667e-03 8.666667e-04 7.111111e-04 7.000000e-04 3.333333e-04 3.777778e-04 2.777778e-04 1.444444e-04 1.666667e-04 
1.788889e-03 1.333333e-03 9.555556e-04 7.777778e-04 6.666667e-04 3.666667e-04 2.888889e-04 1.666667e-04 1.888889e-04 1.333333e-04 
1.544444e-03 1.322222e-03 1.033333e-03 8.222222e-04 5.555556e-04 4.888889e-04 2.888889e-04 2.000000e-04 1.444444e-04 8.888889e-05 
1.811111e-03 1.288889e-03 9.111111e-04 7.444444e-04 5.222222e-04 3.222222e-04 4.111111e-04 3.111111e-04 1.444444e-04 1.222222e-04 
1.688889e-03 1.366667e-03 1.111111e-03 6.333333e-04 6.000000e-04 4.333333e-04 2.555556e-04 1.555556e-04 1.555556e-04 1.000000e-04 
1.700000e-03 1.266667e-03 1.066667e-03 7.000000e-04 6.111111e-04 4.111111e-04 3.444444e-04 2.888889e-04 2.222222e-04 1.000000e-04 
1.622222e-03 1.311111e-03 1.100000e-03 8.111111e-04 5.777778e-04 5.222222e-04 3.111111e-04 2.777778e-04 1.777778e-04 1.333333e-04 
1.755556e-03 1.277778e-03 1.044444e-03 9.666667e-04 7.111111e-04 4.333333e-04 3.000000e-04 2.555556e-04 1.666667e-04 1.333333e-04 
1.855556e-03 1.411111e-03 1.011111e-03 8.000000e-04 4.888889e-04 5.222222e-04 4.111111e-04 3.444444e-04 2.222222e-04 1.777778e-04 
1.700000e-03 1.355556e-03 1.044444e-03 9.111111e-04 6.444444e-04 4.777778e-04 5.666667e-04 3.111111e-04 2.222222e-04 1.333333e-04 
1.611111e-03 1.388889e-03 8.888889e-04 8.666667e-04 6.333333e-04 3.666667e-04 2.777778e-04 3.333333e-04 1.555556e-04 2.333333e-04 
1.744444e-03 1.366667e-03 1.033333e-03 7.000000e-04 6.555556e-04 4.111111e-04 4.000000e-04 2.888889e-04 3.000000e-04 1.666667e-04 
1.588889e-03 1.255556e-03 1.044444e-03 7.000000e-04 6.666667e-04 5.000000e-04 3.444444e-04 2.888889e-04 2.777778e-04 1.444444e-04 
1.644444e-03 1.400000e-03 1.122222e-03 8.222222e-04 6.333333e-04 4.666667e-04 3.444444e-04 2.111111e-04 1.555556e-04 1.555556e-04 
1.633333e-03 1.622222e-03 9.555556e-04 7.777778e-04 6.444444e-04 5.000000e-04 3.222222e-04 2.666667e-04 2.000000e-04 1.888889e-04 
1.822222e-03 1.366667e-03 1.066667e-03 7.888889e-04 5.222222e-04 4.444444e-04 3.111111e-04 3.222222e-04 2.555556e-04 2.000000e-04 
1.844444e-03 1.277778e-03 9.666667e-04 7.111111e-04 7.333333e-04 5.000000e-04 3.555556e-04 3.222222e-04 1.444444e-04 2.000000e-04 
1.811111e-03 1.255556e-03 1.066667e-03 9.222222e-04 6.111111e-04 5.444444e-04 3.555556e-04 2.111111e-04 2.777778e-04 2.111111e-04 
1.755556e-03 1.366667e-03 1.111111e-03 8.000000e-04 6.444444e-04 4.000000e-04 3.888889e-04 2.777778e-04 2.111111e-04 1.111111e-04 
1.877778e-03 1.288889e-03 1.088889e-03 7.777778e-04 5.555556e-04 4.777778e-04 3.000000e-04 3.111111e-04 1.333333e-04 1.444444e-04 
1.622222e-03 1.333333e-03 1.022222e-03 7.777778e-04 6.222222e-04 4.555556e-04 3.000000e-04 2.000000e-04 2.222222e-04 1.333333e-04 
1.777778e-03 1.222222e-03 1.100000e-03 7.222222e-04 6.222222e-04 4.333333e-04 2.666667e-04 2.000000e-04 2.111111e-04 1.222222e-04 
1.933333e-03 1.311111e-03 1.122222e-03 6.888889e-04 6.444444e-04 4.000000e-04 4.111111e-04 2.111111e-04 1.555556e-04 1.222222e-04 
1.711111e-03 1.177778e-03 7.333333e-04 7.555556e-04 6.444444e-04 4.444444e-04 4.000000e-04 3.444444e-04 1.777778e-04 1.222222e-04 
1.588889e-03 1.488889e-03 1.033333e-03 7.777778e-04 5.111111e-04 3.888889e-04 3.222222e-04 2.666667e-04 1.777778e-04 7.777778e-05 
1.700000e-03 1.266667e-03 8.444444e-04 6.666667e-04 5.333333e-04 5.333333e-04 3.000000e-04 2.000000e-04 2.111111e-04 1.888889e-04 
1.822222e-03 1.522222e-03 9.111111e-04 7.777778e-04 6.222222e-04 5.888889e-04 4.444444e-04 2.666667e-04 2.000000e-04 1.222222e-04 
1.633333e-03 1.388889e-03 1.055556e-03 8.555556e-04 4.222222e-04 4.000000e-04 3.555556e-04 2.666667e-04 1.666667e-04 1.222222e-04 
