1.783333e-03 1.300000e-03 1.083333e-03 7.500000e-04 5.833333e-04 3.833333e-04 3.333333e-04 1.333333e-04 1.833333e-04 1.500000e-04 
1.483333e-03 1.250000e-03 1.100000e-03 6.500000e-04 5.000000e-04 4.166667e-04 2.000000e-04 1.833333e-04 2.000000e-04 1.833333e-04 
1.816667e-03 1.166667e-03 9.000000e-04 7.500000e-04 6.000000e-04 3.666667e-04 2.833333e-04 1.666667e-04 2.000000e-04 1.166667e-04 
1.433333e-03 9.500000e-04 1.300000e-03 5.666667e-04 5.333333e-04 4.666667e-04 2.666667e-04 2.833333e-04 1.500000e-04 1.500000e-04 
1.633333e-03 1.266667e-03 8.833333e-04 5.333333e-04 6.166667e-04 3.500000e-04 5.666667e-04 2.833333e-04 1.833333e-04 2.000000e-04 
1.516667e-03 1.083333e-03 6.833333e-04 6.500000e-04 6.166667e-04 3.500000e-04 3.166667e-04 3.500000e-04 2.166667e-04 8.333333e-05 
1.683333e-03 1.416667e-03 1.116667e-03 6.833333e-04 3.500000e-04 3.000000e-04 2.000000e-04 3.000000e-04 2.000000e-04 8.333333e-05 
1.500000e-03 9.500000e-04 7.166667e-04 7.000000e-04 4.500000e-04 6.833333e-04 2.833333e-04 2.333333e-04 2.000000e-04 1.666667e-04 
1.750000e-03 1.516667e-03 9.666667e-04 6.333333e-04 5.166667e-04 5.000000e-04 3.333333e-04 2.500000e-04 2.333333e-04 1.166667e-04 
1.550000e-03 1.200000e-03 1.066667e-03 7.833333e-04 3.666667e-04 3.166667e-04 4.000000e-04 2.500000e-04 2.333333e-04 1.666667e-04 
1.650000e-03 1.300000e-03 1.100000e-03 6.833333e-04 4.333333e-04 3.166667e-04 3.166667e-04 3.000000e-04 4.000000e-04 1.333333e-04 
1.616667e-03 1.350000e-03 9.166667e-04 1.000000e-03 7.000000e-04 4.166667e-04 5.500000e-04 3.166667e-04 2.833333e-04 1.500000e-04 
1.516667e-03 1.100000e-03 1.000000e-03 7.833333e-04 5.333333e-04 4.166667e-04 3.666667e-04 1.666667e-04 1.500000e-04 1.666667e-04 
1.466667e-03 1.350000e-03 8.166667e-04 6.166667e-04 7.000000e-04 3.500000e-04 3.500000e-04 2.833333e-04 2.500000e-04 1.500000e-04 
1.300000e-03 1.100000e-03 1.016667e-03 6.000000e-04 5.500000e-04 5.500000e-04 4.333333e-04 3.166667e-04 2.500000e-04 1.500000e-04 
1.633333e-03 1.200000e-03 1.050000e-03 7.333333e-04 5.166667e-04 5.166667e-04 4.166667e-04 1.333333e-04 1.666667e-04 1.166667e-04 
1.266667e-03 1.350000e-03 8.833333e-04 6.833333e-04 5.000000e-04 4.166667e-04 3.500000e-04 1.666667e-04 2.000000e-04 1.500000e-04 
1.733333e-03 1.216667e-03 8.666667e-04 7.000000e-04 4.833333e-04 4.000000e-04 2.166667e-04 3.833333e-04 2.333333e-04 1.666667e-04 
1.733333e-03 1.333333e-03 9.000000e-04 7.333333e-04 7.500000e-04 5.000000e-04 3.666667e-04 2.333333e-04 1.166667e-04 1.833333e-04 
1.750000e-03 1.150000e-03 1.066667e-03 1.016667e-03 6.000000e-04 5.000000e-04 3.333333e-04 2.166667e-04 2.000000e-04 1.333333e-04 
1.566667e-03 9.333333e-04 8.333333e-04 8.333333e-04 5.000000e-04 3.666667e-04 1.833333e-04 1.666667e-04 1.666667e-04 1.500000e-04 
1.650000e-03 1.266667e-03 8.166667e-04 8.000000e-04 5.166667e-04 4.166667e-04 3.000000e-04 1.333333e-04 1.666667e-04 1.333333e-04 
1.850000e-03 1.233333e-03 9.500000e-04 5.500000e-04 6.000000e-04 4.333333e-04 3.166667e-04 2.166667e-04 8.333333e-05 1.500000e-04 
1.666667e-03 1.166667e-03 9.333333e-04 5.500000e-04 6.833333e-04 2.500000e-04 3.333333e-04 2.833333e-04 1.333333e-04 2.333333e-04 
1.433333e-03 1.050000e-03 1.050000e-03 8.833333e-04 5.666667e-04 4.666667e-04 3.166667e-04 2.333333e-04 1.500000e-04 6.666667e-05 
1.933333e-03 1.133333e-03 7.333333e-04 7.000000e-04 4.166667e-04 3.333333e-04 3.166667e-04 3.500000e-04 1.333333e-04 6.666667e-05 
1.433333e-03 1.400000e-03 1.133333e-03 7.000000e-04 5.666667e-04 3.166667e-04 2.666667e-04 1.000000e-04 1.166667e-04 6.666667e-05 
1.516667e-03 1.416667e-03 9.333333e-04 7.000000e-04 5.500000e-04 4.833333e-04 3.666667e-04 3.000000e-04 1.666667e-04 1.333333e-04 
1.683333e-03 1.366667e-03 1.233333e-03 8.166667e-04 6.333333e-04 4.333333e-04 3.500000e-04 2.166667e-04 1.000000e-04 1.666667e-04 
1.683333e-03 1.250000e-03 1.216667e-03 1.016667e-03 8.000000e-04 4.000000e-04 2.500000e-04 4.166667e-04 1.000000e-04 2.000000e-04 
